,ADAR,ADFL,ADLL,ADLR,AFDL,AFDR,AIBL,AIBR,AIML,AIMR,AINL,AINR,AIYL,AIYR,AIZL,AIZR,ALA,AQR,ASEL,ASER,ASGL,ASGR,ASHL,ASHR,ASIL,ASIR,ASJL,ASJR,ASKL,ASKR,AUAL,AUAR,AVAL,AVAR,AVBL,AVBR,AVDL,AVDR,AVEL,AVER,AVFL,AVHL,AVHR,AVJL,AVJR,AVKL,AVKR,AVL,AWAL,AWAR,AWBL,AWBR,BAGL,BAGR,FLPL,FLPR,OLLL,OLLR,RIAL,RIAR,RIBL,RIBR,RICL,RICR,RID,RIFR,RIGL,RIGR,RIH,RIML,RIMR,RIPL,RIR,RIS,RIVL,RIVR,RMFL,RMFR,RMGL,RMGR,URBL,URBR,URXL,URXR
ADAR,0,0,0,860160,0,0,36480,290400,0,92640,0,0,0,0,0,1440,0,1479840,0,0,0,0,0,4174080,0,0,0,0,0,374160,0,0,2934960,901920,1222560,4602240,312720,374880,0,201120,16560,418320,0,1270560,0,40080,0,0,0,135840,0,167760,0,0,12480,650160,0,0,0,348720,0,0,2300160,1224960,0,491280,0,0,74640,0,5661360,0,0,0,241440,44880,0,212160,0,981600,0,1482720,0,4595040
ADFL,0,0,1018320,0,1360320,0,322080,331680,656400,0,0,15360,1064640,0,7089840,289440,0,0,830160,4080,221280,0,702480,0,0,0,0,0,0,0,4596000,116400,0,0,181680,0,0,0,0,0,9120,3120,1138800,0,0,0,0,0,2958480,0,5348880,167760,0,90000,0,0,0,0,2243520,0,809760,5760,0,0,0,6240,377040,0,1097760,248640,0,0,2905920,0,0,0,114480,0,0,0,0,0,2550240,0
ADLL,0,1018320,0,476640,0,0,4931520,0,0,0,0,0,156240,0,960,0,1335840,0,3029040,0,234720,0,5445600,0,49680,0,0,0,5131920,0,0,0,1904880,0,218640,0,346080,1254480,0,0,450960,0,678720,571920,259680,0,0,0,4686480,0,3016560,0,0,0,0,0,182160,0,0,0,0,0,0,0,0,0,0,0,0,426720,0,0,86160,0,0,0,115200,0,42720,0,93840,0,12240,0
ADLR,860160,0,476640,0,0,72240,0,3653040,0,0,0,0,0,0,0,20160,857280,7200,0,3571200,0,0,0,2378400,0,31200,0,1200,147600,3019200,0,0,126480,1544880,0,12000,1311840,273840,0,0,464880,2259600,346560,209760,198960,0,0,0,0,4694880,0,2113920,0,0,0,0,0,110160,0,0,0,0,7440,0,0,555120,0,10320,0,0,0,0,14880,0,0,0,0,0,0,106800,0,55680,0,9840
AFDL,0,1360320,0,0,0,304320,1067520,0,0,0,2293440,7055280,9176880,27360,1251600,0,0,0,1050000,5406240,40560,0,0,0,534960,0,0,0,0,0,7678800,304320,0,0,0,0,0,0,0,0,0,0,0,0,0,0,0,0,3128640,0,241920,0,0,2085600,0,0,28560,0,14400,0,135360,0,0,0,617280,0,0,0,0,0,0,0,0,0,0,0,0,0,0,0,0,0,231120,0
AFDR,0,0,0,72240,304320,0,0,769200,0,0,6994320,1850400,87360,7715760,0,1943760,0,0,3936720,1412160,0,2400,0,0,0,1071360,0,0,0,0,0,6434640,0,0,0,0,0,0,0,0,0,0,0,0,0,0,0,0,0,3412320,0,993120,2106000,0,0,0,0,6720,0,13920,0,0,0,0,580560,0,0,0,0,0,12960,0,24000,0,0,1680,114480,0,0,0,0,0,0,0
AIBL,36480,322080,4931520,0,1067520,0,0,1027920,0,0,1037040,446880,1926480,0,1764480,4918800,0,1158720,6956640,1568880,1197840,0,1159200,0,1693920,0,15600,0,1861680,0,390960,187680,3016320,586800,3077520,0,957120,311280,986160,100800,0,0,0,0,0,2500800,1119840,1725840,137520,0,88800,0,1104960,225360,319440,684960,10800,74160,0,123120,71520,1874880,0,0,0,0,139920,3919440,0,404400,6158160,0,727920,486480,1539600,115920,1939680,4482960,0,332880,0,0,0,215520
AIBR,290400,331680,0,3653040,0,769200,1027920,0,0,14880,160320,901200,4080,1764480,4560240,1004400,0,1031040,397200,6786720,0,1083120,0,3181440,100080,919200,0,14160,0,1594560,183600,461760,1337280,3981600,0,3329040,198480,224400,1307520,720240,0,0,0,50640,0,3073200,692880,879360,0,32160,213120,372720,46800,814800,556320,0,0,11280,268800,0,2577600,114000,175680,0,315600,592080,3564480,0,0,5404320,686160,0,270960,748560,0,2027760,4047600,1202160,870240,0,0,0,3120,0
AIML,0,656400,0,0,0,0,0,0,0,366240,0,0,1378800,0,672480,0,9120,0,0,0,5657040,0,330240,0,16080,0,5037840,309600,1364640,0,20880,0,0,0,313440,381600,276960,19680,117840,91680,1836480,87360,410880,211440,64320,39840,0,0,113040,0,895920,0,0,0,0,0,0,0,0,0,0,0,984000,0,0,0,237840,0,0,0,0,0,0,0,0,0,0,0,2964480,0,0,0,3723840,0
AIMR,92640,0,0,0,0,0,0,14880,366240,0,0,0,0,494880,0,376800,720,0,0,58560,0,5500320,0,382560,0,56400,0,5707200,0,2514720,0,0,0,20160,0,0,7200,430800,262320,240960,1293360,0,149520,108720,138720,0,401760,0,0,483840,0,595440,0,0,0,131040,0,0,0,0,0,0,0,350400,0,1379760,0,0,0,0,0,0,0,0,0,0,0,0,0,1961520,0,0,0,2862720
AINL,0,0,0,0,2293440,6994320,1037040,160320,0,0,0,2925840,667200,1292400,0,0,0,0,2455200,0,455520,0,0,0,136560,7920,51600,0,303360,0,1232880,5303760,0,123840,0,0,682320,0,0,0,0,814080,0,1244160,0,0,0,0,0,0,0,24720,3313920,0,0,0,0,80160,0,292800,1256160,2990160,0,0,4054320,0,1440,0,203760,0,267840,0,0,0,279840,365040,81360,0,0,0,0,0,461760,546960
AINR,0,15360,0,0,7055280,1850400,446880,901200,0,0,2925840,0,751680,650640,0,0,0,0,783360,2024400,0,351120,0,0,444480,652320,0,241440,0,411360,4783200,1125600,15360,0,0,0,6960,5520,0,0,0,0,741360,0,1201200,0,0,0,0,25920,0,0,479040,4688400,0,0,63360,0,374880,41760,4254000,1817520,0,0,4401120,0,0,0,115440,0,0,0,0,0,112080,319200,0,0,0,0,11040,0,77520,22080
AIYL,0,1064640,156240,0,9176880,87360,1926480,4080,1378800,0,667200,751680,0,320880,6198960,114240,0,0,5712240,3634560,225360,0,12480,0,107520,0,0,0,0,0,5183760,455520,0,0,409440,88320,0,68880,0,168960,0,0,558000,0,822720,132960,0,0,3797280,0,1170960,68160,303120,3177840,0,0,0,0,261600,437520,4065360,66960,0,0,0,0,0,0,930480,913680,0,0,1126800,809520,0,0,0,0,46560,0,0,0,448320,0
AIYR,0,0,0,0,27360,7715760,0,1764480,0,494880,1292400,650640,320880,0,5760,5467200,0,86640,1646640,6569520,0,53760,0,148080,0,1058640,0,0,0,0,0,4456560,0,0,2160,139680,0,0,175680,0,0,0,0,516480,0,0,831120,0,0,2278560,0,712800,2652960,484560,13680,110640,0,0,0,2449680,0,4236720,0,0,0,149040,0,0,460080,10320,139680,0,487680,1972080,0,71760,0,0,0,0,0,0,0,266640
AIZL,0,7089840,960,0,1251600,0,1764480,4560240,672480,0,0,0,6198960,5760,0,1207200,0,311520,729120,1130880,882480,0,687600,8160,0,0,0,0,0,0,966480,45120,0,258720,829680,0,281520,86160,3740400,2785440,0,0,0,0,0,960,276480,0,3878880,0,3439200,0,25680,781920,0,0,0,0,5547360,748320,3899760,36240,779040,0,167040,4320,2868480,170400,4498080,6137520,57600,0,2022240,0,0,0,0,0,0,0,0,0,496560,0
AIZR,1440,289440,0,20160,0,1943760,4918800,1004400,0,376800,0,0,114240,5467200,1207200,0,0,30000,442080,1494000,0,365040,29280,701760,0,152400,0,0,0,0,0,1395360,50160,0,0,657360,0,207120,3136080,4024080,0,92640,0,0,0,425760,373680,7680,0,3242880,75360,2492160,733440,0,0,0,0,0,0,5449200,0,3017040,0,151200,0,36960,265200,2714640,2683920,0,5401920,0,2405040,0,0,0,25920,0,0,0,0,0,0,225120
ALA,0,0,1335840,857280,0,0,0,0,9120,720,0,0,0,0,0,0,0,0,2640,88560,0,0,0,0,0,0,2399040,1616880,1383120,955440,0,0,0,91440,0,0,114240,142560,933360,425040,71760,93840,190320,214080,96000,0,0,0,4320,88080,0,0,0,0,0,0,51360,62160,0,0,0,0,0,0,0,0,0,0,0,0,0,0,0,0,0,0,0,0,0,74160,48000,82320,221520,0
AQR,1479840,0,0,7200,0,0,1158720,1031040,0,0,0,0,0,86640,311520,30000,0,0,0,0,0,0,0,0,0,0,0,0,0,0,119280,175920,3920880,1512960,3288480,3926880,796080,1025040,20640,0,0,2003760,584640,2880,100560,205440,106320,51360,0,0,0,0,1139760,3126240,37680,77280,0,0,1331520,441120,0,0,518880,5520,450480,0,389040,421440,0,0,1680,0,6720240,1200,62640,122640,6960,4800,480,0,0,0,167040,212160
ASEL,0,830160,3029040,0,1050000,3936720,6956640,397200,0,0,2455200,783360,5712240,1646640,729120,442080,2640,0,0,326880,976560,0,2048160,0,1932480,109440,677520,0,1415760,0,362160,18480,0,0,0,0,0,0,0,0,0,0,0,0,0,0,0,0,7983120,0,1856880,0,943680,699840,0,0,12240,93600,0,139680,0,21360,6720,0,7680,0,0,0,0,0,0,0,480,0,0,0,20160,0,22560,0,0,0,0,22080
ASER,0,4080,0,3571200,5406240,1412160,1568880,6786720,0,58560,0,2024400,3634560,6569520,1130880,1494000,88560,0,326880,0,588960,806400,0,2752800,2691840,414720,0,869760,0,1597440,0,376320,0,0,0,0,0,0,0,0,15600,6960,0,3360,0,0,0,0,17280,7917840,0,1161360,289920,844080,0,0,134400,50640,136320,0,0,0,56880,0,3840,258960,0,0,0,0,25200,0,0,0,0,0,0,0,0,33120,0,0,0,0
ASGL,0,221280,234720,0,40560,0,1197840,0,5657040,0,455520,0,225360,0,882480,0,0,0,976560,588960,0,0,53760,0,3940560,0,1324320,0,330000,0,0,0,0,0,0,0,0,0,0,0,0,0,0,0,0,0,0,0,780960,0,9840,0,0,3120,0,0,0,0,0,0,0,0,737280,0,101520,0,0,0,0,0,0,0,0,0,0,0,0,0,61440,0,0,0,0,0
ASGR,0,0,0,0,0,2400,0,1083120,0,5500320,0,351120,0,53760,0,365040,0,0,0,806400,0,0,0,126960,0,2567040,0,278400,0,71760,0,0,0,0,0,240,0,0,0,0,0,0,0,1920,0,0,0,0,0,744960,0,0,22080,0,0,0,0,0,0,0,0,0,0,577440,0,0,0,0,0,0,0,0,0,0,0,0,0,0,0,13440,0,0,0,0
ASHL,0,702480,5445600,0,0,0,1159200,0,330240,0,0,0,12480,0,687600,29280,0,0,2048160,0,53760,0,0,367200,443040,0,47280,0,598320,0,0,0,2776320,0,4677600,0,258960,678000,99840,0,1431600,278880,2139600,54720,175200,0,0,0,3417600,0,2152320,0,0,0,0,0,0,0,89760,0,0,0,101280,0,1040640,1920,8880,0,0,609600,0,0,456480,0,0,0,0,0,1716720,0,0,0,1604400,0
ASHR,4174080,0,0,2378400,0,0,0,3181440,0,382560,0,0,0,148080,8160,701760,0,0,0,2752800,0,126960,367200,0,0,0,0,60720,0,1079760,0,0,58560,2452320,0,2845440,2100240,137040,0,50160,1247040,1785120,265920,320880,26400,0,0,0,22080,1705200,20640,1021200,0,0,0,0,0,0,0,122160,0,0,79920,533520,0,4928400,0,0,0,0,408960,0,56160,369840,0,0,0,0,0,798000,0,0,0,1314000
ASIL,0,0,49680,0,534960,0,1693920,100080,16080,0,136560,444480,107520,0,0,0,0,0,1932480,2691840,3940560,0,443040,0,0,18960,500400,0,593280,0,11040,0,0,0,0,0,0,0,0,0,0,0,0,0,0,0,0,0,709440,0,295440,0,0,83760,0,0,111120,0,51120,0,0,0,11040,0,0,0,0,0,0,0,0,0,0,0,0,0,0,0,0,0,0,0,16560,0
ASIR,0,0,0,31200,0,1071360,0,919200,0,56400,7920,652320,0,1058640,0,152400,0,0,109440,414720,0,2567040,0,0,18960,0,0,130320,0,652320,0,0,0,0,0,0,0,17760,0,0,0,0,2160,0,324960,0,0,0,0,965040,0,752880,0,0,0,0,0,225600,0,0,0,269760,0,0,15600,0,0,0,0,0,86160,0,0,0,0,0,440640,0,0,0,0,3600,0,69600
ASJL,0,0,0,0,0,0,15600,0,5037840,0,51600,0,0,0,0,0,2399040,0,677520,0,1324320,0,47280,0,500400,0,0,606000,3683760,258720,0,0,0,0,0,0,221280,0,38400,0,1063440,122160,0,39600,0,0,0,0,6240,0,31440,0,0,0,0,0,31920,0,0,0,0,0,0,0,0,0,0,0,0,0,0,0,0,0,0,0,0,0,104400,0,59040,0,202800,0
ASJR,0,0,0,1200,0,0,0,14160,309600,5707200,0,241440,0,0,0,0,1616880,0,0,869760,0,278400,0,60720,0,130320,606000,0,0,3647760,0,0,0,0,0,0,0,25680,0,0,607680,0,40800,0,3840,0,0,0,0,208320,0,127200,0,0,0,0,0,57120,0,0,0,46080,0,0,0,35280,0,0,0,0,13680,0,0,0,0,0,0,0,0,655920,0,90480,0,0
ASKL,0,0,5131920,147600,0,0,1861680,0,1364640,0,303360,0,0,0,0,0,1383120,0,1415760,0,330000,0,598320,0,593280,0,3683760,0,0,567600,0,0,0,0,0,0,230880,0,0,0,316800,122160,0,201600,0,0,0,0,691440,0,18000,0,0,0,0,0,88320,0,0,0,0,0,0,0,0,0,0,0,0,0,0,0,0,0,0,0,0,0,143760,0,93600,0,0,0
ASKR,374160,0,0,3019200,0,0,0,1594560,0,2514720,0,411360,0,0,0,0,955440,0,0,1597440,0,71760,0,1079760,0,652320,258720,3647760,567600,0,0,0,0,0,0,0,2640,139920,0,0,435360,0,193200,2640,98880,0,0,0,0,516720,0,0,0,0,0,0,0,67200,0,0,0,0,0,0,0,1046160,0,0,0,0,1680,0,0,0,0,0,0,0,0,25200,0,65520,0,0
AUAL,0,4596000,0,0,7678800,0,390960,183600,20880,0,1232880,4783200,5183760,0,966480,0,0,119280,362160,0,0,0,0,0,11040,0,0,0,0,0,0,116880,1097040,0,644400,0,0,173040,2388720,0,0,0,0,0,0,0,0,0,100560,0,522000,0,344160,1535520,0,0,27120,0,2589360,0,8285760,92640,0,0,113760,0,122160,0,558480,639600,0,0,1302240,0,396240,0,28080,0,0,0,0,0,6808320,0
AUAR,0,116400,0,0,304320,6434640,187680,461760,0,0,5303760,1125600,455520,4456560,45120,1395360,0,175920,18480,376320,0,0,0,0,0,0,0,0,0,0,116880,0,0,1020000,0,516000,0,0,0,2290080,0,60240,0,0,0,0,0,0,0,102480,1680,1676400,1228560,92400,0,0,0,0,0,2522880,280080,8130000,0,0,0,0,0,104160,720,0,479280,0,890880,50640,0,216000,0,33840,0,0,0,0,0,5011200
AVAL,2934960,0,1904880,126480,0,0,3016320,1337280,0,0,0,15360,0,0,0,50160,0,3920880,0,0,0,0,2776320,58560,0,0,0,0,0,0,1097040,0,0,1956240,2009040,1358400,452880,772080,261360,21120,237360,892320,1499760,2160,1275120,18960,0,0,3120,0,91920,0,957600,2137440,1252320,2538480,0,0,1514160,847200,1296240,0,2829600,1001520,1496640,0,42960,532800,14160,1964400,5259360,0,743040,0,1109040,44640,81600,750480,1605360,0,0,153120,0,0
AVAR,901920,0,0,1544880,0,0,586800,3981600,0,20160,123840,0,0,0,258720,0,91440,1512960,0,0,0,0,0,2452320,0,0,0,0,0,0,0,1020000,1956240,0,1106640,2429520,414240,1608240,0,1511520,377040,1508640,197040,563520,68880,353280,1268880,0,0,5520,0,173520,1120320,340080,3108720,232560,0,480,174240,630480,171120,1009200,1114080,3009120,0,0,1523760,36720,72000,5305440,2910240,0,370560,0,332880,1252320,411600,0,47280,177360,0,1200,0,40560
AVBL,1222560,181680,218640,0,0,0,3077520,0,313440,0,0,0,409440,2160,829680,0,0,3288480,0,0,0,0,4677600,0,0,0,0,0,0,0,644400,0,2009040,1106640,0,2813520,2719680,2884560,849120,1200,419760,2194320,3658800,2033760,6400560,44160,1411200,42240,14640,0,26400,0,60720,0,354960,141600,0,0,0,162960,591360,246960,232320,1332240,835920,0,0,280800,0,4237440,1613280,880560,32160,769680,191280,1145760,0,0,770400,0,63600,64080,2160,49920
AVBR,4602240,0,0,12000,0,0,0,3329040,381600,0,0,0,88320,139680,0,657360,0,3926880,0,0,0,240,0,2845440,0,0,0,0,0,0,0,516000,1358400,2429520,2813520,0,3007440,2691120,150240,2985600,312000,1399920,3517440,4929600,2993760,309600,186240,0,0,113520,0,0,620640,793440,234000,0,0,0,0,0,568080,353520,71520,908880,2646960,3069600,2009040,0,0,3379200,2419200,142800,19200,2030640,717360,275520,557280,0,92160,438000,0,72240,76320,7440
AVDL,312720,0,346080,1311840,0,0,957120,198480,276960,7200,682320,6960,0,0,281520,0,114240,796080,0,0,0,0,258960,2100240,0,0,221280,0,230880,2640,0,0,452880,414240,2719680,3007440,0,198240,114960,623280,23520,2259120,0,4325520,141120,0,7200,0,0,0,0,0,1068240,1301520,992880,210240,397200,0,0,0,0,0,157920,1337520,1810560,0,153360,1243680,0,355440,573120,0,0,0,669360,0,0,102480,0,56640,627840,782160,111360,32880
AVDR,374880,0,1254480,273840,0,0,311280,224400,19680,430800,0,5520,68880,0,86160,207120,142560,1025040,0,0,0,0,678000,137040,0,17760,0,25680,0,139920,173040,0,772080,1608240,2884560,2691120,198240,0,1354560,585360,315840,0,672240,122160,3597600,0,314160,0,0,0,0,0,918240,1278240,0,0,0,114720,0,0,0,0,487200,74880,4142640,57600,1838160,5520,0,925920,399840,0,113760,0,0,456240,0,1920,525600,0,971280,215520,0,30960
AVEL,0,0,0,0,0,0,986160,1307520,117840,262320,0,0,0,175680,3740400,3136080,933360,20640,0,0,0,0,99840,0,0,0,38400,0,0,0,2388720,0,261360,0,849120,150240,114960,1354560,0,304080,70080,0,0,0,366000,1592400,1418400,57600,0,0,0,0,21840,3275280,454560,592080,0,4811040,0,403200,1237920,2755200,1440,0,66240,0,1542720,550560,242640,1983120,543840,0,154320,1427520,109440,195600,278400,398160,921360,0,44880,0,699600,0
AVER,201120,0,0,0,0,0,100800,720240,91680,240960,0,0,168960,0,2785440,4024080,425040,0,0,0,0,0,0,50160,0,0,0,0,0,0,0,2290080,21120,1511520,1200,2985600,623280,585360,304080,0,0,0,349440,340080,21840,1439760,1745040,0,0,0,0,0,2417040,0,202800,0,6230880,0,102720,0,3041760,822720,0,0,0,95040,1211760,580080,272400,543840,1705200,0,283680,1677360,112320,300960,79920,107040,0,845520,0,72720,0,561120
AVFL,16560,9120,450960,464880,0,0,0,0,1836480,1293360,0,0,0,0,0,0,71760,0,0,15600,0,0,1431600,1247040,0,0,1063440,607680,316800,435360,0,0,237360,377040,419760,312000,23520,315840,70080,0,0,211440,386400,386880,433440,0,0,0,148320,385200,6720,222720,0,0,0,0,144480,0,0,0,0,0,4320,0,508080,1914000,0,0,0,0,0,0,0,0,0,0,0,0,3819840,2780640,19680,0,0,147600
AVHL,418320,3120,0,2259600,0,0,0,0,87360,0,814080,0,0,0,0,92640,93840,2003760,0,6960,0,0,278880,1785120,0,0,122160,0,122160,0,0,60240,892320,1508640,2194320,1399920,2259120,0,0,0,211440,0,300480,2514480,0,58800,6240,81840,0,805200,0,3414240,0,0,240000,0,0,0,0,0,0,0,443760,0,0,1097520,0,150720,0,0,219840,0,3768720,0,785760,0,0,123120,0,37200,71040,0,132480,422880
AVHR,0,1138800,678720,346560,0,0,0,0,410880,149520,0,741360,558000,0,0,0,190320,584640,0,0,0,0,2139600,265920,0,2160,0,40800,0,193200,0,0,1499760,197040,3658800,3517440,0,672240,0,349440,386400,300480,0,709200,3584160,580800,348720,0,289680,0,3264240,0,0,0,0,0,0,0,156960,0,0,0,31920,0,0,669840,996240,0,0,339840,0,0,3597120,0,0,854640,95040,0,0,0,0,0,681120,127200
AVJL,1270560,0,571920,209760,0,0,0,50640,211440,108720,1244160,0,0,516480,0,0,214080,2880,0,3360,0,1920,54720,320880,0,0,39600,0,201600,2640,0,0,2160,563520,2033760,4929600,4325520,122160,0,340080,386880,2514480,709200,0,937680,0,0,0,0,0,0,0,0,0,353520,417120,0,0,0,0,0,0,375120,524640,0,2131200,0,0,0,0,425760,0,0,473760,76800,0,0,0,0,532800,0,138960,265440,96960
AVJR,0,0,259680,198960,0,0,0,0,64320,138720,0,1201200,822720,0,0,0,96000,100560,0,0,0,0,175200,26400,0,324960,0,3840,0,98880,0,0,1275120,68880,6400560,2993760,141120,3597600,366000,21840,433440,0,3584160,937680,0,0,0,0,0,0,0,0,0,0,85680,0,0,63360,0,0,0,0,15120,533520,1121520,36720,0,0,0,1262400,0,17040,0,1042080,0,128400,0,0,460080,0,201360,0,135120,51120
AVKL,40080,0,0,0,0,0,2500800,3073200,39840,0,0,0,132960,0,960,425760,0,205440,0,0,0,0,0,0,0,0,0,0,0,0,0,0,18960,353280,44160,309600,0,0,1592400,1439760,0,58800,580800,0,0,0,13941840,11397600,0,0,0,0,0,0,0,23760,0,0,0,96240,252720,0,368400,156000,0,0,1144560,2364240,0,4402560,3703680,0,0,4446000,1907520,274800,6261360,4903200,416880,114480,0,0,0,0
AVKR,0,0,0,0,0,0,1119840,692880,0,401760,0,0,0,831120,276480,373680,0,106320,0,0,0,0,0,0,0,0,0,0,0,0,0,0,0,1268880,1411200,186240,7200,314160,1418400,1745040,0,6240,348720,0,0,13941840,0,9592800,0,0,0,0,0,0,3360,0,0,125760,0,0,0,133440,474000,125280,0,0,5523360,562800,0,2747280,6197280,0,0,4492800,137040,1785600,4778160,5263440,210000,81120,0,41520,0,0
AVL,0,0,0,0,0,0,1725840,879360,0,0,0,0,0,0,0,7680,0,51360,0,0,0,0,0,0,0,0,0,0,0,0,0,0,0,0,42240,0,0,0,57600,0,0,81840,0,0,0,11397600,9592800,0,0,0,0,0,0,0,0,0,135360,106080,0,0,889200,1229760,17760,0,0,0,18720,1707840,402000,19920,122160,0,927600,13581360,40320,884880,0,958080,0,47280,0,3840,0,3600
AWAL,0,2958480,4686480,0,3128640,0,137520,0,113040,0,0,0,3797280,0,3878880,0,4320,0,7983120,17280,780960,0,3417600,22080,709440,0,6240,0,691440,0,100560,0,3120,0,14640,0,0,0,0,0,148320,0,289680,0,0,0,0,0,0,0,6243120,0,0,0,0,0,0,0,0,0,16080,0,62160,0,0,0,0,0,0,0,0,0,118560,0,0,0,0,0,0,0,0,0,0,0
AWAR,135840,0,0,4694880,0,3412320,0,32160,0,483840,0,25920,0,2278560,0,3242880,88080,0,0,7917840,0,744960,0,1705200,0,965040,0,208320,0,516720,0,102480,0,5520,0,113520,0,0,0,0,385200,805200,0,0,0,0,0,0,0,0,0,6596880,0,0,0,0,0,3840,0,0,0,20640,14640,0,0,1224240,0,12720,0,0,69840,0,4320,0,0,0,0,0,0,3120,0,0,0,0
AWBL,0,5348880,3016560,0,241920,0,88800,213120,895920,0,0,0,1170960,0,3439200,75360,0,0,1856880,0,9840,0,2152320,20640,295440,0,31440,0,18000,0,522000,1680,91920,0,26400,0,0,0,0,0,6720,0,3264240,0,0,0,0,0,6243120,0,0,88320,0,0,0,0,0,0,127200,0,729120,0,0,0,0,0,110160,0,0,0,0,0,648720,0,0,0,39600,0,487920,0,0,0,209520,0
AWBR,167760,167760,0,2113920,0,993120,0,372720,0,595440,24720,0,68160,712800,0,2492160,0,0,0,1161360,0,0,0,1021200,0,752880,0,127200,0,0,0,1676400,0,173520,0,0,0,0,0,0,222720,3414240,0,0,0,0,0,0,0,6596880,88320,0,0,0,0,0,0,0,0,448080,0,1334640,0,0,0,266160,0,211920,19200,0,8400,0,232080,0,0,0,0,8880,0,92640,0,0,0,267840
BAGL,0,0,0,0,0,2106000,1104960,46800,0,0,3313920,479040,303120,2652960,25680,733440,0,1139760,943680,289920,0,22080,0,0,0,0,0,0,0,0,344160,1228560,957600,1120320,60720,620640,1068240,918240,21840,2417040,0,0,0,0,0,0,0,0,0,0,0,0,0,5107200,0,0,27120,0,0,4766880,2113920,5472240,0,0,1817520,0,2880,2959200,557760,31440,12000,0,1000320,0,116880,209040,2055600,510240,0,0,0,0,0,127680
BAGR,0,90000,0,0,2085600,0,225360,814800,0,0,0,4688400,3177840,484560,781920,0,0,3126240,699840,844080,3120,0,0,0,83760,0,0,0,0,0,1535520,92400,2137440,340080,0,793440,1301520,1278240,3275280,0,0,0,0,0,0,0,0,0,0,0,0,0,5107200,0,0,0,0,31680,5032560,0,5311920,1835520,0,0,3284640,0,3466320,0,220080,66960,0,0,1751760,32160,102240,131040,1131600,711120,0,0,0,0,680640,0
FLPL,12480,0,0,0,0,0,319440,556320,0,0,0,0,0,13680,0,0,0,37680,0,0,0,0,0,0,0,0,0,0,0,0,0,0,1252320,3108720,354960,234000,992880,0,454560,202800,0,240000,0,353520,85680,0,3360,0,0,0,0,0,0,0,0,1677840,0,0,0,0,0,0,0,0,0,0,232320,0,3894240,0,37680,0,0,799200,62880,98880,352080,0,0,0,0,0,0,0
FLPR,650160,0,0,0,0,0,684960,0,0,131040,0,0,0,110640,0,0,0,77280,0,0,0,0,0,0,0,0,0,0,0,0,0,0,2538480,232560,141600,0,210240,0,592080,0,0,0,0,417120,0,23760,0,0,0,0,0,0,0,0,1677840,0,0,0,0,132720,0,0,0,0,0,272880,0,0,3601440,0,68880,0,0,1298400,0,0,0,10320,0,0,0,0,0,0
OLLL,0,0,182160,0,28560,0,10800,0,0,0,0,63360,0,0,0,0,51360,0,12240,134400,0,0,0,0,111120,0,31920,0,88320,0,27120,0,0,0,0,0,397200,0,0,6230880,144480,0,0,0,0,0,0,135360,0,0,0,0,27120,0,0,0,0,666720,95520,11280,4079280,0,0,0,7680,0,1421040,0,0,227280,13920,0,0,442080,61440,0,968640,5760,235200,0,993840,0,113040,0
OLLR,0,0,0,110160,0,6720,74160,11280,0,0,80160,0,0,0,0,0,62160,0,93600,50640,0,0,0,0,0,225600,0,57120,0,67200,0,0,0,480,0,0,0,114720,4811040,0,0,0,0,0,63360,0,125760,106080,0,3840,0,0,0,31680,0,0,666720,0,0,34320,0,2511360,0,0,0,0,0,716160,0,0,105600,0,0,0,0,0,0,582000,0,172560,0,1390800,0,211440
RIAL,0,2243520,0,0,14400,0,0,268800,0,0,0,374880,261600,0,5547360,0,0,1331520,0,136320,0,0,89760,0,51120,0,0,0,0,0,2589360,0,1514160,174240,0,0,0,0,0,102720,0,0,156960,0,0,0,0,0,0,0,127200,0,0,5032560,0,0,95520,0,0,15303840,2033760,0,0,0,0,0,1248000,0,1944240,892800,0,0,1890720,0,1412640,620880,420480,151680,5040,187680,0,0,3482400,0
RIAR,348720,0,0,0,0,13920,123120,0,0,0,292800,41760,437520,2449680,748320,5449200,0,441120,139680,0,0,0,0,122160,0,0,0,0,0,0,0,2522880,847200,630480,162960,0,0,0,403200,0,0,0,0,0,0,96240,0,0,0,0,0,448080,4766880,0,0,132720,11280,34320,15303840,0,0,2068320,0,0,0,60000,0,868320,5303520,0,2340960,0,414000,0,568320,1981200,0,633600,160080,0,0,6240,0,4327200
RIBL,0,809760,0,0,135360,0,71520,2577600,0,0,1256160,4254000,4065360,0,3899760,0,0,0,0,0,0,0,0,0,0,0,0,0,0,0,8285760,280080,1296240,171120,591360,568080,0,0,1237920,3041760,0,0,0,0,0,252720,0,889200,16080,0,729120,0,2113920,5311920,0,0,4079280,0,2033760,0,0,214080,0,0,695520,0,1116000,0,1176480,3222720,982560,0,0,6727920,191760,0,6480,56880,0,0,9120,0,415200,0
RIBR,0,5760,0,0,0,0,1874880,114000,0,0,2990160,1817520,66960,4236720,36240,3017040,0,0,21360,0,0,0,0,0,0,269760,0,46080,0,0,92640,8130000,0,1009200,246960,353520,0,0,2755200,822720,0,0,0,0,0,0,133440,1229760,0,20640,0,1334640,5472240,1835520,0,0,0,2511360,0,2068320,214080,0,0,0,925920,0,0,900720,1269120,342000,2317440,0,0,5714640,0,186960,47760,3840,0,34320,0,0,0,611760
RICL,2300160,0,0,7440,0,0,0,175680,984000,0,0,0,0,0,779040,0,0,518880,6720,56880,737280,0,101280,79920,11040,0,0,0,0,0,0,0,2829600,1114080,232320,71520,157920,487200,1440,0,4320,443760,31920,375120,15120,368400,474000,17760,62160,14640,0,0,0,0,0,0,0,0,0,0,0,0,0,6523200,869520,0,0,0,0,783120,1024080,18240,0,595680,1210320,2217600,72960,0,1902480,184560,2032800,1348080,1258800,930720
RICR,1224960,0,0,0,0,0,0,0,0,350400,0,0,0,0,0,151200,0,5520,0,0,0,577440,0,533520,0,0,0,0,0,0,0,0,1001520,3009120,1332240,908880,1337520,74880,0,0,0,0,0,524640,533520,156000,125280,0,0,0,0,0,0,0,0,0,0,0,0,0,0,0,6523200,0,743520,0,0,0,0,0,754560,0,0,198720,1199760,519840,0,101040,390240,1180560,2922960,2121360,852240,2238960
RID,0,0,0,0,617280,580560,0,315600,0,0,4054320,4401120,0,0,167040,0,0,450480,7680,3840,101520,0,1040640,0,0,15600,0,0,0,0,113760,0,1496640,0,835920,2646960,1810560,4142640,66240,0,508080,0,0,0,1121520,0,0,0,0,0,0,0,1817520,3284640,0,0,7680,0,0,0,695520,925920,869520,743520,0,0,2517360,441840,0,406080,0,5520,0,0,422160,179280,0,0,496320,0,661680,0,0,0
RIFR,491280,6240,0,555120,0,0,0,592080,0,1379760,0,0,0,149040,4320,36960,0,0,0,258960,0,0,1920,4928400,0,0,0,35280,0,1046160,0,0,0,0,0,3069600,0,57600,0,95040,1914000,1097520,669840,2131200,36720,0,0,0,0,1224240,0,266160,0,0,0,272880,0,0,0,60000,0,0,0,0,0,0,0,0,0,0,3681840,0,0,0,0,0,0,0,0,708000,0,0,0,248880
RIGL,0,377040,0,0,0,0,139920,3564480,237840,0,1440,0,0,0,2868480,265200,0,389040,0,0,0,0,8880,0,0,0,0,0,0,0,122160,0,42960,1523760,0,2009040,153360,1838160,1542720,1211760,0,0,996240,0,0,1144560,5523360,18720,0,0,110160,0,2880,3466320,232320,0,1421040,0,1248000,0,1116000,0,0,0,2517360,0,0,1622880,404880,1130400,208800,0,2728320,0,0,1839120,7102800,2122800,296880,0,0,0,2390880,0
RIGR,0,0,0,10320,0,0,3919440,0,0,0,0,0,0,0,170400,2714640,0,421440,0,0,0,0,0,0,0,0,0,0,0,0,0,104160,532800,36720,280800,0,1243680,5520,550560,580080,0,150720,0,0,0,2364240,562800,1707840,0,12720,0,211920,2959200,0,0,0,0,716160,0,868320,0,900720,0,0,441840,0,1622880,0,890640,748800,120000,0,2248560,522720,623520,0,2096640,4918080,0,2160,0,52080,0,2550480
RIH,74640,1097760,0,0,0,0,0,0,0,0,203760,115440,930480,460080,4498080,2683920,0,0,0,0,0,0,0,0,0,0,0,0,0,0,558480,720,14160,72000,0,0,0,0,242640,272400,0,0,0,0,0,0,0,402000,0,0,0,19200,557760,220080,3894240,3601440,0,0,1944240,5303520,1176480,1269120,0,0,0,0,404880,890640,92160,0,0,3182160,4473840,2067600,785520,1327440,1076640,339600,0,0,0,0,287040,294960
RIML,0,248640,426720,0,0,0,404400,5404320,0,0,0,0,913680,10320,6137520,0,0,0,0,0,0,0,609600,0,0,0,0,0,0,0,639600,0,1964400,5305440,4237440,3379200,355440,925920,1983120,543840,0,0,339840,0,1262400,4402560,2747280,19920,0,0,0,0,31440,66960,0,0,227280,0,892800,0,3222720,342000,783120,0,406080,0,1130400,748800,0,0,1095600,0,0,3008640,1334160,266640,2485440,663360,391680,0,0,0,20400,0
RIMR,5661360,0,0,0,0,12960,6158160,686160,0,0,267840,0,0,139680,57600,5401920,0,1680,0,25200,0,0,0,408960,0,86160,0,13680,0,1680,0,479280,5259360,2910240,1613280,2419200,573120,399840,543840,1705200,0,219840,0,425760,0,3703680,6197280,122160,0,69840,0,8400,12000,0,37680,68880,13920,105600,0,2340960,982560,2317440,1024080,754560,0,3681840,208800,120000,0,1095600,0,0,0,4188960,211920,789120,2933040,5673600,66720,126960,0,231360,0,0
RIPL,0,0,0,0,0,0,0,0,0,0,0,0,0,0,0,0,0,0,0,0,0,0,0,0,0,0,0,0,0,0,0,0,0,0,880560,142800,0,0,0,0,0,0,0,0,17040,0,0,0,0,0,0,0,0,0,0,0,0,0,0,0,0,0,18240,0,5520,0,0,0,3182160,0,0,5760,0,0,0,0,0,0,0,0,720,0,33840,0
RIR,0,2905920,86160,14880,0,24000,727920,270960,0,0,0,0,1126800,487680,2022240,2405040,0,6720240,480,0,0,0,456480,56160,0,0,0,0,0,0,1302240,890880,743040,370560,32160,19200,0,113760,154320,283680,0,3768720,3597120,0,0,0,0,927600,118560,4320,648720,232080,1000320,1751760,0,0,0,0,1890720,414000,0,0,0,0,0,0,2728320,2248560,4473840,0,0,0,0,599760,546000,153360,278400,259200,72960,0,0,0,5261280,4960320
RIS,0,0,0,0,0,0,486480,748560,0,0,0,0,809520,1972080,0,0,0,1200,0,0,0,0,0,369840,0,0,0,0,0,0,0,50640,0,0,769680,2030640,0,0,1427520,1677360,0,0,0,473760,1042080,4446000,4492800,13581360,0,0,0,0,0,32160,799200,1298400,442080,0,0,0,6727920,5714640,595680,198720,0,0,0,522720,2067600,3008640,4188960,0,599760,0,822000,808080,281760,89280,281760,913680,0,0,0,0
RIVL,241440,0,0,0,0,0,1539600,0,0,0,279840,112080,0,0,0,0,0,62640,0,0,0,0,0,0,0,0,0,0,0,0,396240,0,1109040,332880,191280,717360,669360,0,109440,112320,0,785760,0,76800,0,1907520,137040,40320,0,0,0,0,116880,102240,62880,0,61440,0,1412640,568320,191760,0,1210320,1199760,422160,0,0,623520,785520,1334160,211920,0,546000,822000,0,4104960,940560,1136880,0,596160,52320,0,0,0
RIVR,44880,0,0,0,0,1680,115920,2027760,0,0,365040,319200,0,71760,0,0,0,122640,0,0,0,0,0,0,0,0,0,0,0,0,0,216000,44640,1252320,1145760,275520,0,456240,195600,300960,0,0,854640,0,128400,274800,1785600,884880,0,0,0,0,209040,131040,98880,0,0,0,620880,1981200,0,186960,2217600,519840,179280,0,1839120,0,1327440,266640,789120,0,153360,808080,4104960,0,289200,346800,1104000,0,0,10320,0,27600
RMFL,0,114480,115200,0,0,114480,1939680,4047600,0,0,81360,0,0,0,0,25920,0,6960,20160,0,0,0,0,0,0,440640,0,0,0,0,28080,0,81600,411600,0,557280,0,0,278400,79920,0,0,95040,0,0,6261360,4778160,0,0,0,39600,0,2055600,1131600,352080,0,968640,0,420480,0,6480,47760,72960,0,0,0,7102800,2096640,1076640,2485440,2933040,0,278400,281760,940560,289200,16080,966960,0,3427200,0,0,247920,0
RMFR,212160,0,0,0,0,0,4482960,1202160,0,0,0,0,0,0,0,0,0,4800,0,0,0,0,0,0,0,0,0,0,0,0,0,33840,750480,0,0,0,102480,1920,398160,107040,0,123120,0,0,0,4903200,5263440,958080,0,0,0,8880,510240,711120,0,10320,5760,582000,151680,633600,56880,3840,0,101040,0,0,2122800,4918080,339600,663360,5673600,0,259200,89280,1136880,346800,966960,0,3256320,0,95040,0,0,270240
RMGL,0,0,42720,0,0,0,0,870240,2964480,0,0,0,46560,0,0,0,0,480,22560,0,61440,0,1716720,0,0,0,104400,0,143760,0,0,0,1605360,47280,770400,92160,0,525600,921360,0,3819840,0,0,0,460080,416880,210000,0,0,0,487920,0,0,0,0,0,235200,0,5040,160080,0,0,1902480,390240,496320,0,296880,0,0,391680,66720,0,72960,281760,0,1104000,0,3256320,0,0,260880,0,2492160,0
RMGR,981600,0,0,106800,0,0,332880,0,0,1961520,0,0,0,0,0,0,74160,0,0,33120,0,13440,0,798000,0,0,0,655920,0,25200,0,0,0,177360,0,438000,56640,0,0,845520,2780640,37200,0,532800,0,114480,81120,47280,0,3120,0,92640,0,0,0,0,0,172560,187680,0,0,34320,184560,1180560,0,708000,0,2160,0,0,126960,0,0,913680,596160,0,3427200,0,0,0,0,180480,0,2859120
URBL,0,0,93840,0,0,0,0,0,0,0,0,11040,0,0,0,0,48000,0,0,0,0,0,0,0,0,0,59040,0,93600,0,0,0,0,0,63600,0,627840,971280,44880,0,19680,71040,0,0,201360,0,0,0,0,0,0,0,0,0,0,0,993840,0,0,0,9120,0,2032800,2922960,661680,0,0,0,0,0,0,720,0,0,52320,0,0,95040,260880,0,0,0,2877840,0
URBR,1482720,0,0,55680,0,0,0,0,0,0,0,0,0,0,0,0,82320,0,0,0,0,0,0,0,0,3600,0,90480,0,65520,0,0,153120,1200,64080,72240,782160,215520,0,72720,0,0,0,138960,0,0,41520,3840,0,0,0,0,0,0,0,0,0,1390800,0,6240,0,0,1348080,2121360,0,0,0,52080,0,0,231360,0,0,0,0,10320,0,0,0,180480,0,0,0,2546640
URXL,0,2550240,12240,0,231120,0,0,3120,3723840,0,461760,77520,448320,0,496560,0,221520,167040,0,0,0,0,1604400,0,16560,0,202800,0,0,0,6808320,0,0,0,2160,76320,111360,0,699600,0,0,132480,681120,265440,135120,0,0,0,0,0,209520,0,0,680640,0,0,113040,0,3482400,0,415200,0,1258800,852240,0,0,2390880,0,287040,20400,0,33840,5261280,0,0,0,247920,0,2492160,0,2877840,0,0,0
URXR,4595040,0,0,9840,0,0,215520,0,0,2862720,546960,22080,0,266640,0,225120,0,212160,22080,0,0,0,0,1314000,0,69600,0,0,0,0,0,5011200,0,40560,49920,7440,32880,30960,0,561120,147600,422880,127200,96960,51120,0,0,3600,0,0,0,267840,127680,0,0,0,0,211440,0,4327200,0,611760,930720,2238960,0,248880,0,2550480,294960,0,0,0,4960320,0,0,27600,0,270240,0,2859120,0,2546640,0,0
